% ÇÀÂÄÀÍÍß 1.3, 1.4
a1=zeros(2,3)
a1(1,2)=7
a1(3,4)=7

a2=rand(2,3)
a2(1,2)=7
a2(3,4)=7